120.0, 20.0, 120.0
300.0, 20.0, 120.0
120.0, 20.0, 300.0
300.0, 20.0, 300.0
120.0, 200.0, 120.0
300.0, 200.0, 120.0
120.0, 200.0, 300.0
300.0, 200.0, 300.0
420.0, 20.0, 20.0
600.0, 20.0, 20.0
420.0, 20.0, 200.0
600.0, 20.0, 200.0
420.0, 200.0, 20.0
600.0, 200.0, 20.0
420.0, 200.0, 200.0
600.0, 200.0, 200.0
120.0, 420.0, 120.0
300.0, 420.0, 120.0
120.0, 420.0, 300.0
300.0, 420.0, 300.0
120.0, 600.0, 120.0
300.0, 600.0, 120.0
120.0, 600.0, 300.0
300.0, 600.0, 300.0
420.0, 420.0, 20.0
600.0, 420.0, 20.0 
420.0, 420.0, 200.0
600.0, 420.0, 200.0
420.0, 600.0, 20.0
600.0, 600.0, 20.0
420.0, 600.0, 200.0
600.0, 600.0, 200.0
0, 1
2, 3
4, 5
6, 7
0, 2
4, 6
1, 3
5, 7
0, 4
2, 6
1, 5
3, 7